2.458575123312653488e-02
4.082038123824957565e-02
5.705501124337260949e-02
7.328964124849564332e-02
8.952427125361868410e-02
1.057589012587417110e-01
1.219935312638647518e-01
1.382281612689877925e-01
1.544627912741108333e-01
1.706974212792338741e-01
1.869320512843569149e-01
2.031666812894799556e-01
2.194013112946029687e-01
2.356359412997260094e-01
2.518705713048490780e-01
2.681052013099721187e-01
2.843398313150951595e-01
3.005744613202182003e-01
3.168090913253412411e-01
3.330437213304642818e-01
3.492783513355873226e-01
3.655129813407103634e-01
3.817476113458334042e-01
3.979822413509563894e-01
4.142168713560794302e-01
4.304515013612024710e-01
4.466861313663255117e-01
4.629207613714485525e-01
4.791553913765715933e-01
4.953900213816946341e-01
5.116246513868176748e-01
5.278592813919407156e-01
5.440939113970637564e-01
5.603285414021867972e-01
5.765631714073098379e-01
5.927978014124328787e-01
6.090324314175559195e-01
6.252670614226789603e-01
6.415016914278020010e-01
6.577363214329250418e-01
6.739709514380480826e-01
6.902055814431711234e-01
7.064402114482941641e-01
7.226748414534172049e-01
7.389094714585402457e-01
7.551441014636632865e-01
7.713787314687863272e-01
7.876133614739093680e-01
8.038479914790322978e-01
8.200826214841553385e-01
8.363172514892783793e-01
8.525518814944014201e-01
8.687865114995244609e-01
8.850211415046475016e-01
9.012557715097705424e-01
9.174904015148935832e-01
9.337250315200166240e-01
9.499596615251396647e-01
9.661942915302627055e-01
9.824289215353857463e-01
9.986635515405086760e-01
1.014898181545631717e+00
1.031132811550754758e+00
1.047367441555877798e+00
1.063602071561000839e+00
1.079836701566123880e+00
1.096071331571246921e+00
1.112305961576369961e+00
1.128540591581493002e+00
1.144775221586616043e+00
1.161009851591739084e+00
1.177244481596862125e+00
1.193479111601985165e+00
1.209713741607108206e+00
1.225948371612231247e+00
1.242183001617354288e+00
1.258417631622477328e+00
1.274652261627600369e+00
1.290886891632723410e+00
1.307121521637846451e+00
1.323356151642969492e+00
1.339590781648092532e+00
1.355825411653215573e+00
1.372060041658338614e+00
1.388294671663461655e+00
1.404529301668584695e+00
1.420763931673707736e+00
1.436998561678830777e+00
1.453233191683953818e+00
1.469467821689076859e+00
1.485702451694199899e+00
1.501937081699322940e+00
1.518171711704445981e+00
1.534406341709569022e+00
1.550640971714692062e+00
1.566875601719814881e+00
1.583110231724937922e+00
1.599344861730060963e+00
1.615579491735184003e+00
1.631814121740307044e+00
1.648048751745430085e+00
1.664283381750553126e+00
1.680518011755676167e+00
1.696752641760799207e+00
1.712987271765922248e+00
1.729221901771045289e+00
1.745456531776168330e+00
1.761691161781291370e+00
1.777925791786414411e+00
1.794160421791537452e+00
1.810395051796660493e+00
1.826629681801783534e+00
1.842864311806906574e+00
1.859098941812029615e+00
1.875333571817152656e+00
1.891568201822275697e+00
1.907802831827398737e+00
1.924037461832521778e+00
1.940272091837644819e+00
1.956506721842767860e+00
1.972741351847890900e+00
1.988975981853013941e+00
2.005210611858136982e+00
2.021445241863260023e+00
2.037679871868383508e+00
2.053914501873506104e+00
2.070149131878629589e+00
2.086383761883752186e+00
2.102618391888875671e+00
2.118853021893998267e+00
2.135087651899121752e+00
2.151322281904244349e+00
2.167556911909367834e+00
2.183791541914490431e+00
2.200026171919613915e+00
2.216260801924736512e+00
2.232495431929859997e+00
2.248730061934982594e+00
2.264964691940106079e+00
2.281199321945228675e+00
2.297433951950352160e+00
2.313668581955474757e+00
2.329903211960598242e+00
2.346137841965720838e+00
2.362372471970844323e+00
2.378607101975966920e+00
2.394841731981090405e+00
2.411076361986213001e+00
2.427310991991336486e+00
2.443545621996459083e+00
2.459780252001582568e+00
2.476014882006705164e+00
2.492249512011828649e+00
2.508484142016951246e+00
2.524718772022074731e+00
2.540953402027197328e+00
2.557188032032320812e+00
2.573422662037443409e+00
2.589657292042566894e+00
2.605891922047689491e+00
2.622126552052812976e+00
2.638361182057935572e+00
2.654595812063059057e+00
2.670830442068181654e+00
2.687065072073305139e+00
2.703299702078427735e+00
2.719534332083551220e+00
2.735768962088673817e+00
2.752003592093797302e+00
2.768238222098919898e+00
2.784472852104043383e+00
2.800707482109165980e+00
2.816942112114289465e+00
2.833176742119412062e+00
2.849411372124535546e+00
2.865646002129658143e+00
2.881880632134781628e+00
2.898115262139904225e+00
2.914349892145027709e+00
2.930584522150150306e+00
2.946819152155273791e+00
2.963053782160396388e+00
2.979288412165519873e+00
2.995523042170642469e+00
3.011757672175765954e+00
3.027992302180888551e+00
3.044226932186012036e+00
3.060461562191134632e+00
3.076696192196258117e+00
3.092930822201380714e+00
3.109165452206504199e+00
3.125400082211626795e+00
